Waypoint True Course  Distance  True Heading  Ground Speed  Time of Flight   Fuel Burn
LAX        70.0        51.0       14.63       119.84            0.43          3.78
CIVET        33.0        64.9       371.55       119.82            0.54          4.75
HEC        55.0        151.8       4.07       120.07            1.26          11.09
PGS        59.0        114.8       6.91       119.65            0.96          8.45
TBC        60.0        158.0       7.62       119.09            1.33          11.7
RSK        57.0        115.4       5.49       119.85            0.96          8.45
ALS        57.0        157.2       5.49       119.85            1.31          11.53
LAA        66.0        242.4       11.85       120.2            2.02          17.78
SLN        73.0        136.4       16.7       120.62            1.13          9.94
MCI        75.0        237.1       18.06       119.15            1.99          17.51
SPI        91.0        153.0       28.42       119.88            1.28          11.26
VHP        85.0        256.5       24.67       120.04            2.14          18.83
AIR        99.0        67.3       33.09       119.9            0.56          4.93
IHD        96.0        95.0       31.39       120.66            0.79          6.95
LARRI        93.0        130.0       29.63       119.78            1.09          9.59
RBV        62.0        42.0       9.04       120.51            0.35          3.08
JFK        500.0        200.0       49.76       119.18            1.68          14.78
FRD        600.0        300.0       361.02       119.75            2.51          22.09
Total distance =2672.8 NM. Total time=22.33 hours. Fuel burn = 196.49 gal. Average ground speed= 119.88kts.
